              precision    recall  f1-score   support

           0       0.99      1.00      0.99       221
           1       0.98      0.98      0.98       205
           2       0.98      0.98      0.98       230
           3       0.98      0.99      0.99       213
           4       0.97      0.98      0.97       210
           5       0.97      0.97      0.97       234
           6       0.99      0.96      0.97       221

   micro avg       0.98      0.98      0.98      1534
   macro avg       0.98      0.98      0.98      1534
weighted avg       0.98      0.98      0.98      1534

              precision    recall  f1-score   support

           0       1.00      1.00      1.00        29
           1       0.96      1.00      0.98        24
           2       1.00      0.94      0.97        18
           3       0.95      0.95      0.95        20
           4       1.00      0.88      0.94        25
           5       0.88      1.00      0.93        21
           6       1.00      1.00      1.00        15

   micro avg       0.97      0.97      0.97       152
   macro avg       0.97      0.97      0.97       152
weighted avg       0.97      0.97      0.97       152
